              precision    recall  f1-score   support

           0     1.0000    0.9268    0.9620        41
           1     0.9412    1.0000    0.9697        48
           2     0.9286    0.7222    0.8125        36
           3     0.9535    0.8200    0.8817        50
           4     0.7778    0.8750    0.8235        32
           5     0.8250    0.9167    0.8684        36
           6     0.9474    0.9000    0.9231        40
           7     0.9024    0.9250    0.9136        40
           8     0.8462    0.9167    0.8800        36
           9     0.7826    0.8780    0.8276        41

    accuracy                         0.8900       400
   macro avg     0.8905    0.8880    0.8862       400
weighted avg     0.8960    0.8900    0.8900       400
